** MATRIZ DE ENTRADA **
---------------------------------------
 07  00  00 | 02  00  00 | 00  05  03 |
 00  00  03 | 00  00  00 | 01  06  04 |
 00  01  08 | 03  05  00 | 00  09  00 |
---------------------------------------
 00  03  09 | 05  00  01 | 00  08  07 |
 01  00  00 | 00  02  00 | 00  03  00 |
 08  00  00 | 07  00  09 | 00  00  01 |
---------------------------------------
 00  07  02 | 04  06  05 | 03  00  00 |
 00  08  06 | 01  07  00 | 00  02  05 |
 03  00  01 | 09  08  00 | 04  07  06 |
---------------------------------------

*** SOLUCAO EXISTENTE! *** 

** MATRIZ DE SAIDA COM O NÚMERO MÍNIMO DE CORES = 9 **
---------------------------------------
 07  09  04 | 02  01  06 | 08  05  03 |
 05  02  03 | 08  09  07 | 01  06  04 |
 06  01  08 | 03  05  04 | 07  09  02 |
---------------------------------------
 02  03  09 | 05  04  01 | 06  08  07 |
 01  04  07 | 06  02  08 | 05  03  09 |
 08  06  05 | 07  03  09 | 02  04  01 |
---------------------------------------
 09  07  02 | 04  06  05 | 03  01  08 |
 04  08  06 | 01  07  03 | 09  02  05 |
 03  05  01 | 09  08  02 | 04  07  06 |
---------------------------------------

